1972 1975
838 839
1785 1786
2023 2026
358 359
1188 1189
609 613
2090 2082
235 2376
1392 242
42 43
1275 1274
1770 1769
1889 1888
45 47
1294 1301
1693 1694
2161 2533
458 461
1025 1030
989 991
1912 1914
1706 1771
1833 1834
1300 1312
48 90
1404 1444
2497 2498
2486 2485
204 203
801 802
2023 2033
1700 1822
1937 1940
675 677
1048 1053
1550 1549
1870 1871
1526 1463
2120 2117
1544 1611
2408 2419
383 2587
1548 1547
1868 1869
2162 2172
1647 1650
87 88
430 429
438 439
1829 2289
277 2532
1981 279
1144 1175
295 309
175 176
3 11
1580 1586
2273 2274
638 639
972 981
2070 2072
346 1960
177 194
328 334
2456 2457
100 99
98 106
629 641
1778 1777
2268 2285
1779 1795
532 542
557 568
1054 1055
2417 2422
268 1361
116 143
260 259
1045 1054
1059 1074
611 744
709 693
1471 1473
1240 1085
2170 2185
2430 2432
1366 1367
2244 2243
2594 2597
2563 2565
694 710
418 417
981 980
381 380
1894 2000
620 619
979 978
2600 2633
2153 2186
2104 2103
2027 2028
732 731
290 1279
1319 1318
1168 1171
565 564
1330 1335
2247 2302
37 40
1040 1266
2462 2463
2063 2552
791 795
2464 2466
318 698
662 661
1375 1376
69 72
1768 1769
1975 1974
722 876
2121 2120
2441 2488
59 58
1495 1497
759 761
1378 1379
796 795
2204 2203
1638 1639
490 491
2200 2201
1877 1917
1585 1586
1266 1267
1845 1856
1591 1603
1425 1426
429 428
2039 2041
1148 1147
2276 2275
1982 1986
844 847
831 1501
1412 1423
251 1379
1843 2054
1001 1002
723 722
992 1005
50 49
42 2656
1638 1643
217 218
349 1957
1194 1197
2266 2268
930 1193
525 532
2296 2297
824 825
1720 1760
1653 1652
1448 1449
384 642
1723 1722
860 859
959 1419
1735 1743
1545 1544
1740 1741
2389 2399
1553 1552
220 2590
327 328
1874 1876
1614 1645
217 233
370 2571
1358 1366
223 1325
1623 1622
203 2626
1853 1860
1005 1009
1120 1118
935 1415
2095 2107
314 924
1196 1195
459 1597
450 448
1 5
324 323
2177 272
256 2335
2327 2324
2138 2139
1175 1176
323 356
204 2626
547 549
942 941
943 946
968 987
2371 2461
1343 1356
1792 2581
887 888
434 442
951 952
656 660
518 584
169 168
2231 2523
1725 1685
2384 2447
1478 1484
1757 1755
1905 1904
1990 2166
1407 1408
1051 1063
1556 1557
458 457
151 154
424 541
2145 2144
1889 1892
487 488
588 589
2186 2176
738 739
1559 1562
1838 1840
806 807
2008 2026
333 351
838 840
224 1332
616 772
773 775
2201 2205
1163 1204
1318 1317
493 808
937 1131
1818 1819
2350 2359
186 185
1408 1427
594 596
2004 2140
1693 1697
315 921
1025 1031
64 67
2393 2394
1912 2574
818 820
1695 1822
2402 2403
1404 1403
2499 2493
204 215
2089 2090
2392 2393
1406 1443
2126 2219
420 1716
296 305
2088 2089
2440 2487
1241 1250
814 813
911 912
434 435
1044 1056
2206 2205
1868 1870
1633 1637
398 1845
274 1347
187 169
204 216
295 335
2566 2568
724 723
1439 1411
1837 1836
506 507
213 2381
623 624
175 173
503 736
286 1962
1992 1994
1330 1333
1984 2569
466 467
1773 1775
1797 1792
542 543
2641 2643
1778 1779
891 892
118 122
446 1668
1003 1011
552 581
802 718
1397 1398
940 956
428 549
1467 1470
384 643
2404 2412
1993 1994
858 861
1872 1874
1474 1476
989 1261
700 701
1059 1065
1105 1222
148 2643
1240 1251
404 2586
2195 2194
1627 1630
2536 2538
495 803
2 59
622 619
393 637
602 603
1991 2163
9 14
937 1416
2019 2011
381 388
934 1431
2513 2515
367 1950
804 731
1971 1975
1508 1515
1015 1013
39 40
512 513
2027 2030
247 1386
842 1146
1921 1922
168 167
243 242
1016 165
1809 1812
1302 1309
19 70
1484 1485
2163 2165
2462 2464
667 666
1674 1684
2481 2484
1848 1847
1730 1731
297 296
1373 1375
850 898
1379 1381
1546 1647
2121 2122
2167 2169
2441 2489
1632 1635
708 711
2304 2529
1186 1166
630 631
84 86
1511 1507
1590 1603
1413 1433
1243 1242
388 389
1957 1956
458 1602
472 498
1642 1641
196 1324
2 3
1188 1165
1212 1137
1184 930
1696 1695
189 190
1098 1231
192 194
38 44
2312 2314
283 1979
449 451
1123 1136
1835 1836
2501 2504
1157 1173
321 1655
26 56
2482 2483
1468 1467
882 866
289 1963
35 2655
2400 2402
1819 2580
383 689
1731 1722
824 1465
377 376
1720 1761
373 2573
1448 1450
1463 1528
2117 2124
2415 2425
174 1293
183 190
673 679
1613 1645
1995 1999
1464 1472
1729 1737
2429 2430
1535 1536
1055 1060
1801 1836
1537 1601
1738 1751
811 810
1712 1763
817 1643
2233 2245
1623 1624
1859 1860
1085 1257
1120 1121
935 934
970 971
503 563
973 974
294 293
1168 1167
1782 1781
736 735
61 1089
256 2333
803 804
1780 1794
1705 1754
518 517
2549 2551
545 544
1014 1015
323 355
115 116
1753 1752
969 987
2295 2298
1329 1336
853 852
530 546
2445 2446
1831 2539
1978 1977
2447 2448
1143 1142
95 2503
955 957
887 897
2209 2216
1745 1746
399 400
1063 1036
169 2605
1229 1230
1725 1724
670 693
1102 1223
1609 1628
2495 2496
726 805
1577 1582
206 213
408 616
2611 2610
1493 1497
2154 2156
985 986
2018 2021
887 1460
250 1378
1857 2553
1176 1177
588 412
1008 1082
989 987
936 1130
700 699
2060 2539
587 598
378 691
2449 2446
1883 2012
1282 1284
2105 2260
2023 2025
2029 2076
1116 1132
213 212
2090 2118
2232 2524
34 2654
1979 282
1816 1817
1931 1933
2014 2016
472 562
2072 2084
1722 1721
464 1594
1912 1877
1449 1451
540 542
376 1942
2649 2650
76 78
228 227
1380 1379
455 1660
277 279
1629 1633
1806 1828
2089 2092
1531 1638
1586 1589
1816 1824
1858 1859
814 1526
972 973
1544 1543
1595 1596
1947 2559
2310 2315
328 335
2327 2303
1516 1518
8 15
295 294
2033 2034
91 94
2333 2334
529 526
170 187
3 9
286 1964
349 1959
2050 2549
827 826
222 227
2273 2280
103 108
2030 2074
1190 1202
2582 1793
67 1037
886 885
699 711
891 890
2407 2408
532 544
899 900
718 891
681 683
788 789
858 862
2219 2520
1161 1216
2097 2106
1741 1749
2602 2640
2216 2519
709 710
995 1003
936 935
414 413
205 2592
2155 2157
1126 1124
17 18
1130 1129
2540 2542
2337 2344
1110 1221
652 703
1161 1213
2544 2543
1334 244
2003 2142
831 830
1147 1146
573 574
512 511
2027 2029
890 716
123 124
2421 2492
1898 2560
2140 2141
811 1461
1921 1923
998 997
168 2604
271 2186
947 953
1479 1483
19 69
2628 2638
2337 2342
2160 2533
2501 2503
76 1034
1304 1306
1032 1271
1010 1077
917 916
2127 2126
1848 395
2522 2517
1233 1232
110 2493
2652 2653
470 1589
2312 2310
1572 1592
1321 1401
480 487
765 780
723 726
1887 1888
1566 1599
1243 1249
1413 1422
624 626
490 809
2037 2036
357 361
2 11
999 169
361 374
1421 1420
1428 1411
1148 1149
2068 2067
1022 1026
1963 1962
212 211
221 222
1189 1201
2413 2426
144 2598
2482 2488
217 216
1468 1469
1738 1736
648 649
1452 1402
385 2587
1093 1091
1513 1512
2359 2510
1345 1344
1720 1719
1448 1453
673 678
1047 1054
1866 1865
2286 2299
800 802
212 2383
1269 1085
2429 2432
88 89
1537 1602
144 2597
1239 1240
1258 1259
2054 2055
150 155
374 373
508 601
335 334
2545 2544
2317 2323
314 922
977 978
1857 2049
1335 245
176 178
736 738
468 554
1175 1174
1014 1013
946 947
1753 1754
1434 1437
956 957
2368 2463
935 1429
1473 1477
391 390
362 371
671 693
1068 1069
1011 1018
2209 2208
1488 1491
2622 2635
872 876
1061 1064
1371 1382
1559 1558
399 398
1033 1271
1631 1632
147 158
417 514
2187 2186
1556 1565
2241 2249
1102 1224
2524 2516
726 730
2201 2203
1787 1788
1776 1810
1952 1951
2023 2024
1676 1675
410 1784
510 1657
985 984
632 636
1176 1142
1862 2579
606 607
989 990
738 743
936 1129
2130 2211
1278 1277
2102 2264
2008 2025
931 930
1663 1693
616 774
241 2353
1154 1155
1822 1821
2460 2475
1163 1203
2392 2391
1057 1269
985 995
2232 2525
2441 2491
2478 2479
1770 1776
1979 1980
17 2649
464 1592
2331 2332
1090 1236
58 2648
471 1588
1377 1380
713 917
2148 2195
2505 2504
1278 1402
295 328
2311 2312
1538 1537
2126 2221
473 498
1531 1530
1586 1588
1957 1958
1984 2566
950 1247
64 1270
1181 1208
728 722
97 152
1280 1283
1548 1553
2048 2049
1947 2558
1987 2532
2310 2316
1705 2580
459 460
810 871
1155 1156
91 93
596 607
2277 2278
529 530
248 249
503 735
1767 1778
847 848
827 828
2621 2623
2562 2561
2625 2626
862 863
2044 2545
2407 2410
2107 2108
682 683
684 688
445 1671
1747 1755
2218 2216
1151 1217
1069 1035
1248 1253
2219 2521
1624 1626
260 1376
278 276
477 478
2113 2115
1891 1901
1567 1568
2216 2520
942 1105
1353 1355
936 937
1796 1802
599 605
14 16
1416 1414
2337 2340
2318 2320
27 33
1959 1967
152 151
804 805
1891 2577
588 597
1293 1294
942 1113
1968 284
1906 1905
890 889
954 958
2167 2166
49 90
398 397
1010 1020
906 714
870 1524
1385 1339
133 140
25 2652
662 665
2330 2364
2520 2518
1266 1088
1233 1234
1532 1531
421 1716
297 305
2177 2180
1841 1842
259 1381
698 699
1165 1204
1899 2577
1436 1435
1136 1135
2453 2454
723 808
750 751
498 499
131 2509
289 344
1005 1007
1961 1962
377 1932
460 463
1606 1641
1890 1908
1421 1425
1428 1427
2276 2251
174 1272
183 184
1794 1795
1490 1523
1712 1764
1620 1644
1123 1135
1040 1039
2403 2406
1710 1767
828 1468
2482 2489
1323 1324
1198 1197
1738 1739
2037 2067
1358 1363
882 885
2099 2100
2423 2424
2124 2125
1520 1521
1545 1647
2223 2222
383 643
2654 55
299 301
305 306
2021 2034
1873 1874
214 2380
2117 2224
1846 1845
2028 2134
302 303
1882 1883
2083 2090
1592 1603
1464 1480
1261 1262
1498 1520
642 643
1258 1260
974 975
2076 2075
201 202
1200 1199
2012 2011
2545 2547
610 611
977 985
25 24
1792 1791
205 206
1335 1334
2032 2072
2622 2621
2346 2349
2405 2412
447 1666
2467 2466
267 2190
521 535
1667 1689
652 653
1990 2168
16 70
2601 2633
185 188
1686 1726
594 615
2090 2112
391 634
2630 2638
1563 1571
2112 2113
396 1847
1488 1492
1865 2578
406 405
1095 1102
1631 1635
149 156
2428 2434
417 1714
1609 1608
1142 1211
478 481
1998 2001
1910 2574
1783 411
1091 1118
493 806
410 409
614 613
1509 1510
1275 1281
1166 1188
1294 1303
250 1387
511 585
487 490
1784 1791
606 608
729 753
2355 2356
2474 2473
94 96
1409 1427
1883 2011
1153 1154
1663 1692
21 74
241 2354
166 1016
2363 2366
284 283
826 825
1318 1349
273 274
431 443
71 75
2508 2388
2232 2528
1770 1777
34 2655
823 824
17 2651
814 1465
315 314
2331 2330
914 919
469 1590
1090 1235
2162 2161
1500 1505
133 139
1633 1607
1353 1340
1946 1945
913 1200
819 829
2062 2097
2220 2231
678 690
2203 2311
1993 2569
1909 2576
1524 1525
760 764
87 1030
2173 2185
2315 2314
933 932
770 781
972 971
489 811
1190 1193
2615 2616
98 99
629 642
1438 1441
2253 2275
988 989
288 1963
2203 2309
1003 1004
465 466
1965 285
198 199
137 2385
1467 1466
596 608
623 618
2264 2266
175 178
925 926
2404 2403
1800 1801
1289 1291
827 829
262 264
2621 2625
1897 1895
948 947
697 1652
886 887
450 546
2107 2109
1536 1614
60 61
707 702
1037 1036
234 236
643 786
1118 1125
1860 2048
1253 1254
1125 1126
2602 2645
439 440
411 590
2051 2058
331 332
2284 2300
291 342
868 1524
237 2377
2380 2381
2064 2552
558 567
152 154
1019 1021
1177 1210
2416 2417
864 1459
1671 1672
1812 1813
1012 1018
2479 2480
63 64
890 893
2108 2257
954 961
1489 1490
2072 2081
868 1525
395 394
1850 1852
1887 1886
2528 2527
291 1442
2520 2522
401 407
160 144
1945 2564
1088 1239
361 360
1421 1413
1198 920
259 258
844 846
1098 1090
1412 1434
2026 2025
640 641
765 779
2453 2456
723 874
1911 2574
339 347
1639 1643
490 810
95 94
930 929
525 526
2438 2439
833 857
2480 2481
164 1029
348 1959
104 103
1890 1909
183 185
356 362
1827 2291
562 561
463 1596
1794 1793
695 1654
1878 2574
1040 1043
389 1917
416 512
1710 1766
1007 1008
1737 1738
239 240
2362 2511
2099 2101
2124 2224
237 238
2223 2226
1853 1854
1093 1094
1871 1872
409 592
305 308
2095 2106
2264 2289
214 2381
1463 1481
368 2570
2229 2233
2205 2306
2238 2240
1542 1599
2146 2154
923 927
279 1350
1859 2048
305 307
1415 1414
245 244
977 986
364 366
2348 2349
2292 2296
362 372
25 26
102 109
1348 1349
229 2591
1807 1808
1915 1923
2467 2468
285 284
946 953
260 2515
1051 1052
2422 2421
2081 2082
786 787
1073 1075
2463 2470
1072 1071
1491 1492
2519 2208
396 395
1342 1356
2132 2537
413 588
2191 2190
1558 1562
1631 1533
482 481
329 334
2449 2455
387 633
2077 2538
984 983
180 181
1952 1983
609 608
442 443
614 615
2350 2351
1563 1572
1149 1151
2004 2005
1459 898
2017 2037
127 126
1774 1816
1912 1913
1706 1705
912 1205
563 575
797 800
713 908
134 135
166 165
1410 1440
2024 2031
1231 1246
2653 56
2217 2127
2122 2125
1633 1634
1947 1946
1997 2534
2558 2557
1648 1647
2319 2318
1238 1240
1837 2055
627 628
760 765
87 1031
1284 288
1510 1512
1816 1826
1984 1987
1287 1288
995 1002
1157 1145
554 553
832 858
450 530
459 461
1027 1030
98 104
2268 2283
246 245
532 545
552 568
1706 1749
2172 2185
304 317
651 652
1324 1326
2062 2548
286 1290
1800 1798
858 859
2097 2096
1319 1352
1474 1473
867 866
199 2619
2621 2624
948 949
227 226
784 783
2408 2444
1734 1744
331 330
1536 1615
682 689
704 705
2149 2192
843 847
1991 1990
2240 2249
2305 2516
2544 2547
477 482
2077 2078
1782 412
924 923
411 1784
978 984
20 22
24 28
1906 1907
1082 1265
168 1014
200 219
320 698
922 1198
2633 2632
558 566
1664 1666
2465 2475
1019 1018
1303 1305
131 2391
960 1406
2416 2422
2471 2479
877 878
1012 1016
903 911
954 963
756 760
762 761
415 1712
2079 2080
759 762
1122 1137
521 575
1035 1080
968 1454
2516 2525
1534 1631
2528 2302
475 483
1892 1899
1908 1909
1562 1574
1855 1858
486 492
1568 1595
830 1501
1587 1588
1184 1192
2039 2038
2575 2576
1698 1737
994 1005
1829 2264
1963 287
2261 2262
2034 2071
618 774
240 2354
42 53
1157 1156
2493 2504
1211 1212
1922 1927
1996 1995
332 352
2036 2069
930 1194
1819 1820
1769 1778
1961 1959
2480 2486
419 539
1940 1943
1547 1650
2412 2413
1900 2562
1464 1526
695 1653
650 654
1498 1499
1878 1877
389 1919
2222 2226
1353 1354
1867 1866
1007 1009
2504 2506
1361 1362
1198 1199
1875 1879
231 238
1322 1401
239 2355
2169 2181
197 1325
1853 2579
1093 1096
1503 1504
2309 2316
513 515
335 294
2095 2093
322 323
1679 1681
2205 2305
1882 2013
1 2
1863 2015
1919 1920
2604 2609
642 786
1537 1614
2054 2056
500 502
1902 1903
502 734
1515 1518
836 837
1851 2579
2491 2492
1336 1355
1196 1197
2371 2369
579 580
216 234
1475 1474
948 1230
656 658
121 128
957 958
848 900
2467 2470
2428 2429
566 570
793 714
2116 2115
1102 1225
1073 1072
2257 2256
1493 1495
1619 1622
692 691
1074 1073
1563 1562
2519 2518
2145 2156
2174 2183
1889 1891
159 160
1371 1378
413 1782
1344 1356
1229 1231
2008 2554
1795 1813
603 604
747 751
30 31
1097 1090
2541 2542
609 614
1116 1115
903 902
147 2644
1013 1012
292 341
744 746
755 782
1509 1511
2350 2360
2213 2215
1182 1181
250 1379
1931 1932
1999 2000
1678 1681
66 70
1156 1159
1692 1698
938 1132
587 586
2390 2507
1305 1307
2129 2128
984 997
666 674
277 1986
281 1314
2364 2366
756 755
2024 2032
296 299
1610 1646
1984 1985
2594 2596
1544 1546
1090 1232
1842 1843
1946 2559
134 2509
430 432
438 426
2148 2194
2203 2310
1582 1584
2103 2264
304 319
503 504
1281 1274
1284 1286
920 1199
2030 2031
109 108
2274 2277
2293 2288
2615 2620
1394 1398
457 579
1897 1994
645 787
718 791
1467 1471
1941 1940
1736 1735
651 653
2613 2622
1362 1369
263 2314
925 1410
2147 2148
184 188
470 560
1741 1750
1980 1981
716 715
1832 1830
965 1253
2113 2114
382 2587
948 953
1504 1512
784 785
2408 2445
1064 1068
725 803
1743 1747
704 706
453 583
2304 2327
1084 1083
1122 1140
1715 1714
9 8
937 1417
1118 1117
2305 2526
477 481
1182 1186
2198 2215
831 833
439 1679
454 583
1971 1972
942 1222
20 23
1968 1969
2421 2438
1127 1130
2139 2141
243 2341
565 566
581 551
1291 1295
1809 1803
1117 1116
870 1490
2628 2635
100 2501
133 134
790 795
1664 1690
117 143
1674 1675
1476 1478
662 664
894 906
69 71
110 2500
431 446
850 1458
2108 2255
2631 2632
969 1454
2077 2079
2304 2526
1572 1593
1953 1982
1843 1844
1573 1574
1 59
1638 1530
55 2655
417 513
370 1947
2207 2206
265 2313
930 1436
1784 1785
613 770
348 1960
366 1950
1425 1424
1835 1832
337 338
2575 1884
752 777
341 340
780 779
1608 1648
2261 2270
723 728
2034 2069
1677 1682
1710 1768
1157 1158
138 139
1936 1937
876 877
1191 1190
1194 1207
332 354
2169 2179
965 966
383 690
140 139
1341 1366
2480 2484
1307 1397
1940 1944
1696 1823
1450 1453
2578 2579
673 680
2412 2411
1735 1740
2389 2388
275 2178
2222 2228
2231 2230
88 1029
1503 1505
405 2586
1232 1245
2317 2321
2603 2609
968 988
1 3
1960 1961
2306 2326
948 1226
1919 379
219 220
2074 2078
2138 2131
518 536
545 546
2207 2517
1167 1166
2584 1676
244 1390
2491 2490
651 793
106 107
2411 2418
2292 2294
1811 1812
207 2638
908 909
1702 1752
22 77
2191 2192
1095 1103
706 708
2428 2430
1757 1758
414 587
2383 2448
1902 1907
1990 2167
1481 1488
2093 2110
2081 2118
2241 2242
1577 1581
1228 1229
1072 1076
407 408
2611 2634
1561 1575
487 486
2016 2039
181 183
866 1509
329 333
2344 2346
773 774
180 171
2343 2349
2352 2353
284 1299
1318 1400
1116 1131
850 849
985 993
574 571
1182 1208
1816 1815
282 1980
1727 1726
1931 1934
315 316
2476 2481
64 65
2014 2017
66 69
1706 1773
181 185
1833 1835
1332 1334
1759 1723
2474 2476
1305 1308
1404 1447
2460 2459
2497 2396
1071 1077
1238 1239
1900 1899
756 782
420 541
1939 2563
296 326
1913 1910
2594 2593
195 1397
1090 1234
292 1442
430 548
57 60
2253 2252
774 775
972 1273
257 256
1285 1286
1286 1287
2172 2173
627 640
1178 1181
1281 1285
1151 1154
1161 1160
1988 1989
226 1391
1984 2568
1030 1031
103 105
355 364
1159 1169
697 694
554 556
2044 2045
1527 1463
684 683
1965 1968
2409 2419
2065 2087
1000 168
1462 1481
884 892
681 685
2147 2146
2404 2405
2417 2421
1108 1110
1161 1217
1872 1875
508 584
2153 2154
1542 1566
1847 1855
1105 1104
1618 1623
2194 2197
1064 1067
206 2592
1902 1904
2431 2434
2536 2537
2304 2303
1110 1112
1416 1418
1117 1220
981 173
1916 1915
504 736
1973 1972
591 409
9 15
373 372
2058 2541
839 840
1989 1990
1253 1263
28 30
301 2589
33 35
111 112
924 927
2212 2213
1787 1790
608 615
1414 1413
1297 284
247 1339
1127 1129
226 225
1832 2542
581 582
1809 1811
106 157
2469 2471
1122 1138
907 908
1446 1404
659 669
2481 2482
291 1403
1663 1691
131 2507
917 712
297 298
422 1716
1801 1834
1158 1171
144 2594
1632 1633
708 710
768 780
910 912
209 2593
1268 1086
1840 1841
1953 1983
313 312
1186 1187
630 629
496 495
1692 1729
1573 1572
1243 1245
388 387
1828 1827
2036 2035
990 992
2025 2030
1425 1428
752 778
780 781
251 1381
165 1028
1026 1030
2034 2070
2389 2398
1936 1938
26 2653
876 878
1399 1400
2266 2287
2400 2401
2225 2252
677 678
1345 1347
1568 1599
2480 2485
1720 1733
2095 2096
2021 2033
1360 1359
1450 1452
1501 1502
1047 1053
2412 2414
311 925
1740 1750
1831 1830
218 231
1553 1560
1537 1599
2166 2172
427 549
1649 1650
325 324
2318 2321
1875 1878
1871 1880
1415 1416
2265 2266
927 926
2192 2202
1342 1352
216 214
1898 1895
2137 2136
1076 1083
2377 2374
2291 2292
1014 167
115 114
489 812
2076 2077
382 689
244 243
2295 2294
2463 2464
1710 1757
942 943
810 1461
943 945
232 231
1465 1526
812 1462
1689 1727
1896 1895
656 659
1862 2040
872 875
1061 1060
2111 2110
1095 1101
2052 2553
11 58
2078 2080
423 1680
651 794
1776 1807
504 563
2595 141
2611 2635
2154 2155
1563 1573
590 591
2018 2019
1561 1574
99 2647
1784 2582
319 321
592 616
2016 2038
2130 2210
426 439
605 609
378 1656
1220 1116
2006 2028
1663 1662
616 773
435 442
30 37
869 1524
284 1977
1806 1808
1392 1393
1937 1941
2350 2352
2232 2523
74 75
1834 1835
1294 1302
940 939
2443 2458
64 66
911 910
2393 2395
92 161
1310 1399
320 1652
2122 2123
1449 1450
1076 1077
1972 1974
1612 1645
2069 2084
2161 2172
678 682
1629 1632
1071 1078
1238 1244
2347 2364
1988 2569
227 1392
760 761
698 697
1858 1854
1774 2580
2030 2029
434 437
359 360
43 45
246 1335
2354 2355
1851 1866
519 518
2114 2253
627 641
1178 1208
503 734
1767 1766
286 1289
1411 1440
858 857
1858 2049
1707 1748
2170 2183
2265 2289
2180 2181
1041 1047
1037 1063
2409 2418
445 1670
1941 1943
1747 1756
263 2319
1518 1522
681 684
1054 1061
2404 2413
1551 1552
2240 2241
1226 1225
323 2588
1624 1625
2434 2437
2602 2609
621 783
1891 1892
1341 1354
423 422
1618 1622
2308 2325
2015 2014
366 367
976 977
1168 1180
2151 2187
216 2375
2540 2539
2282 2268
119 2496
1916 1921
601 604
9 13
1215 1216
531 545
1118 1124
28 31
2544 2552
2387 2447
831 836
935 1136
2212 2143
2372 2373
1968 1978
943 1223
571 570
510 516
850 1529
115 160
62 63
565 572
65 70
939 1132
1479 1482
1683 1759
1122 1136
1215 1213
1674 1685
2493 2497
2481 2483
1032 1033
1476 1484
568 569
1805 1828
917 918
2127 2218
110 2499
664 676
297 299
1088 1237
277 276
442 1673
2345 2365
420 540
124 140
630 632
1911 1913
1534 1533
771 768
1211 1138
2010 2026
1194 1195
236 2376
1901 1908
289 1283
488 813
613 772
779 781
1345 1351
2639 166
448 1660
460 461
46 47
2101 2103
1606 1642
492 808
2356 2357
1772 1771
1840 1837
283 1312
1608 1647
695 696
868 867
422 1760
2615 2614
2413 2427
276 1347
1347 1344
1936 1939
26 2654
461 579
918 916
223 222
2223 2224
353 1954
1050 1051
299 300
1873 1872
1463 1480
1733 1734
1546 1547
2238 2236
1146 1219
324 331
1857 1858
1735 1742
2429 2425
2568 2569
303 319
161 162
2146 2196
2246 2244
419 418
501 497
1503 1513
7 8
1200 1202
2545 2546
409 408
2503 2504
245 1334
740 739
193 2619
587 1659
939 1419
2137 2138
256 2334
1955 1954
1780 1795
1004 1010
1667 1690
866 865
115 119
269 2189
946 945
1905 1925
2281 2301
2295 2299
1482 1483
1056 1055
2423 2422
2463 2467
580 581
1831 2542
1710 1755
942 944
1396 1398
647 664
688 687
372 2572
1068 1067
1547 1553
396 405
1101 1102
2425 2432
1475 1476
507 576
908 915
2128 2217
380 379
1558 1563
2357 2372
402 2586
2000 2001
415 585
224 225
2241 2248
121 2498
2201 2204
2079 2538
651 712
1787 1786
1998 2000
1116 1130
2611 2633
612 770
487 489
1999 1998
505 575
1278 1279
2016 2037
563 573
36 40
333 350
180 186
2245 2528
1204 1203
203 217
1301 1309
2066 2086
71 72
74 77
2391 2398
34 55
916 919
124 142
1610 1644
971 1274
1367 1340
2122 2127
1090 1089
1500 1501
1332 1388
2649 2651
713 794
1516 1525
814 1642
455 454
2148 2149
1408 1442
2221 2228
1806 1814
1993 2556
204 217
1538 1600
307 314
819 1651
124 139
196 1398
2274 2275
1280 1281
902 1162
67 1038
148 2644
2310 2309
43 52
2354 2356
2203 2308
2103 2262
112 113
2042 2043
77 78
226 1392
1655 1652
470 561
2625 2624
2387 2388
1311 1317
883 866
2274 2278
2293 2294
832 859
267 268
891 716
211 2384
1527 1528
1052 1061
1557 1558
1824 2298
2147 2151
1054 1060
2190 2189
1226 1227
1248 1252
1624 1534
2557 2567
477 476
2113 2116
1182 1183
113 2494
725 804
2051 2050
2404 2437
1127 1128
366 1952
1082 1083
255 2335
735 740
14 13
17 25
1291 1292
413 1781
749 730
2302 2329
1019 1020
559 565
1182 1185
924 926
1787 1839
537 538
2372 2461
553 552
1791 2581
1812 1802
2061 2539
247 1338
62 65
1119 1142
398 402
405 639
1479 1484
1089 1236
1683 1723
266 1371
1484 1486
1365 1368
133 137
1446 1447
2607 2610
1534 1626
2501 2499
646 676
2068 2085
1094 1104
2493 2396
1375 1377
2013 2014
669 670
1222 1223
2522 2523
1621 1628
1532 1636
421 541
348 347
1856 1855
2021 2023
2575 1910
384 385
2345 2364
1279 1280
2255 2272
1186 1185
2453 2379
992 993
771 775
1922 1923
1018 1017
1892 2577
2037 2042
1194 1193
2143 2535
1179 1181
525 522
1769 1767
1331 1334
999 1000
570 569
46 48
1307 1308
419 537
459 1595
1421 1423
752 782
390 1917
1764 1766
283 282
1729 1730
695 694
165 164
2473 2477
2640 2641
1682 1721
272 271
1040 1041
760 782
371 2571
1940 2563
231 239
2086 2087
1515 1516
548 547
1732 1734
1168 1169
1050 1052
1871 1864
182 192
146 2646
956 1419
2028 2133
1866 1870
1343 1344
2306 2305
2370 2371
165 2641
303 322
1862 1863
275 1347
2246 2247
230 240
419 514
530 531
464 463
1964 1965
644 787
1396 1395
973 975
326 2589
740 741
579 578
2099 2539
520 519
2369 2462
271 1360
2032 2073
2137 2139
121 122
2138 2211
848 1529
447 1668
1004 1011
545 549
866 885
2076 2133
1434 1438
2601 2610
2093 2111
969 986
653 655
1056 1058
1112 1114
1719 1744
2630 2636
1382 1383
671 692
1889 2004
1561 1562
396 1846
1610 1609
1371 1374
1188 1204
527 550
2144 2158
1579 1580
262 2320
1830 2102
524 569
2541 2540
2213 2209
26 27
1862 1861
44 46
1784 1792
738 744
181 186
178 181
2607 2608
1305 1309
1306 1307
953 954
21 73
241 240
2352 2357
1325 1324
1707 1771
135 136
1318 1401
2066 2065
1728 1729
1276 1453
819 1530
2391 2394
1846 1847
2502 2503
1722 1733
1367 1384
469 1584
1549 1604
2347 2363
2122 2126
1500 1502
58 57
676 677
1076 1082
2001 2002
629 631
1993 2568
2311 2310
1238 1242
1974 1986
2173 2160
1346 1347
280 279
859 1513
11 10
2305 2326
355 354
1432 1436
48 49
1660 1661
1280 1282
287 286
450 451
629 628
1115 1221
1781 1780
2264 2265
112 114
248 2338
1975 1981
791 717
1760 1761
1146 1145
199 2617
621 766
2387 2400
1451 1402
1528 1462
1504 1505
1049 1050
2063 2097
1527 812
1704 1754
684 687
707 706
2151 2153
1599 1601
519 576
2247 2249
1551 1579
1118 1121
1125 1117
318 317
2011 2022
2198 2209
2387 2386
1829 1830
507 601
195 2619
943 1222
24 23
811 812
2284 2285
599 606
14 17
844 845
405 638
2151 2186
467 553
1793 1797
2548 2551
2282 2283
1023 1079
308 313
2337 2343
2063 2547
120 121
2533 2534
188 2607
946 1224
559 564
2465 2460
550 577
2382 2381
68 69
664 646
573 575
2108 2109
590 595
259 1376
1062 1036
398 403
271 2530
1683 1682
1378 1377
1973 1974
521 574
1446 1448
1320 1327
386 385
2013 2012
472 1588
2520 2521
80 81
715 792
2197 2199
1184 1185
1088 1087
366 1951
442 1675
636 635
1174 1179
492 491
341 342
994 995
1900 1939
728 754
750 729
1710 1709
1922 1929
1214 1161
2168 275
2351 2353
1765 1781
36 2656
1815 1817
1794 2582
1352 1354
1192 1193
2640 2645
272 1357
389 1916
1497 1519
416 1712
325 327
393 392
1399 1401
2124 2223
957 1419
829 1475
1520 1506
2168 2179
1854 1859
1873 1876
359 1653
1251 1256
968 967
2192 2193
2238 2239
152 153
1235 1244
2370 2369
88 163
1948 2566
808 874
1441 1440
2207 2208
2052 2051
969 976
501 733
2134 2137
1008 1009
1217 1216
1143 1176
153 154
2210 2211
362 370
1960 1959
546 549
1011 1012
1948 2570
303 321
2622 2623
892 890
121 127
447 1667
2210 2129
566 571
1830 2101
1481 1482
1756 1757
1482 1488
401 402
1257 1258
2043 2543
647 646
2154 2145
526 577
1561 1577
2234 2244
2518 2522
1745 1756
2599 144
319 320
401 1789
1329 1335
482 483
19 18
2428 2437
1148 1218
1918 1920
484 485
2006 2555
931 1184
417 416
387 632
980 982
2343 2346
747 746
1290 1296
2022 2026
215 2592
744 745
292 291
242 241
950 1229
583 550
2020 2017
700 316
961 962
938 1131
1670 1671
797 796
1803 1834
1461 1489
1419 1420
78 1032
135 2387
826 828
1276 1452
1405 1404
2218 2126
1453 1452
150 162
916 1455
1231 1232
770 776
298 300
1367 1385
128 2393
914 913
469 1589
216 2379
1500 1520
2157 2159
1939 2562
1997 2533
86 88
89 162
923 1206
2148 2196
2367 2510
1851 1850
627 626
1900 2577
807 808
832 1502
1281 1282
1580 1585
1284 1285
1510 1513
52 51
360 374
2274 2279
1702 1703
528 529
287 1962
246 2338
972 1272
776 781
465 467
1043 1042
1285 1288
1965 1967
445 446
645 788
2172 2160
1467 1469
944 945
479 1550
1767 1779
381 687
1707 1755
2600 2646
2387 2401
175 1304
765 766
2063 2096
2265 2288
1869 1873
2431 2432
2149 2191
1052 1062
2151 2188
1557 1563
1084 1259
154 155
2596 2637
1254 1262
406 2586
967 1262
1657 1658
1860 2047
763 787
586 1659
2011 2010
834 835
2616 2617
20 21
830 1485
555 560
1202 1199
1297 1295
850 853
2284 2301
255 2336
243 1391
844 1148
868 1515
1925 1924
107 157
2420 2491
1167 1181
2465 2466
1303 1302
1828 1814
894 895
950 949
1829 2102
960 1405
1477 1479
15 70
2416 2423
785 786
903 1457
1489 1491
1742 1748
708 709
1062 1068
1564 1571
2072 2082
1099 1227
1635 1634
157 158
1225 1224
1885 2575
1885 2010
475 482
440 441
860 1514
2574 1884
1331 1335
1341 1357
1283 1284
1088 1268
1174 1178
259 2331
982 983
171 999
1843 2053
1136 1137
1927 1926
1189 1190
750 753
1940 2564
1661 1695
2353 2356
1628 1644
1996 2161
2468 2473
95 96
1977 1979
2086 2085
2260 2262
2168 2167
353 365
1961 1966
460 462
1765 1780
1307 1396
822 825
2171 2169
1733 1732
1704 2580
2650 2652
1339 1338
2389 2508
389 1918
275 2179
1109 1106
1353 1352
665 675
1951 1983
1323 1326
1600 1537
1875 1876
677 690
1871 1881
1200 1201
1143 1144
968 969
499 500
2032 2071
256 255
1914 1915
1497 1522
1537 1536
521 522
1167 1186
1316 1317
250 249
464 466
1964 285
1465 1466
364 367
414 1763
856 863
1717 1745
1689 1688
1339 1355
2443 2446
834 854
2405 2411
2237 2238
456 580
683 688
1060 1059
400 402
1756 1755
2093 2109
2081 2080
1555 1557
1881 1882
2380 2453
758 790
1626 1631
443 1673
473 483
2519 2520
1717 1758
309 310
2014 2020
401 1788
1485 1495
19 20
226 1389
2008 2007
1565 1570
2006 2027
2250 2300
1228 1231
1388 1390
138 137
744 747
950 1230
449 2585
1025 1024
127 128
1409 1408
1310 1308
821 822
897 896
961 960
1670 1672
2474 2459
2062 2061
819 820
1724 1730
1461 1490
21 77
920 1455
338 347
1988 1987
2508 2509
2218 2219
2391 2397
1580 1581
2219 2220
2517 2524
1636 1531
298 305
2594 2595
1409 1442
2217 2218
207 212
1500 1506
625 626
1947 1948
2157 2173
328 329
1571 1572
392 391
1245 1248
873 872
1238 1241
503 502
819 1118
1161 1164
1823 1822
1319 1328
184 189
526 531
2305 2304
1980 281
355 363
1773 1774
1702 1701
1491 1523
1771 1775
832 857
1027 1029
1312 1313
820 826
1041 1039
650 793
1285 1273
1160 1217
1736 1739
651 650
1362 1363
884 885
1395 1398
944 956
796 802
1057 1058
262 261
1542 1543
227 2591
1504 1513
672 686
2230 2232
1849 1854
1064 1065
1038 1037
1869 1872
149 2643
2431 2433
2149 2194
2155 2156
2198 2199
1331 1333
2046 2047
1254 1263
967 1263
928 1207
601 603
1125 1124
1348 1350
1121 1140
1678 2583
608 614
2616 2620
2334 2344
553 557
731 749
20 24
555 559
24 27
938 1418
1801 1798
1162 1213
941 1114
2214 2215
1119 1141
124 125
939 1115
208 2637
534 539
1690 1689
2605 2608
1365 1364
2633 2636
2420 2492
452 2585
1828 1829
894 905
960 1407
669 668
785 787
1383 1387
431 445
510 584
1742 1747
316 1455
755 796
1698 1729
111 2494
435 436
702 711
157 159
2206 2517
1539 1646
2516 2526
1885 2009
2323 2328
991 992
475 1580
349 350
440 2583
1430 1429
1886 2008
2159 2160
730 750
1856 2053
1606 1605
1890 1888
1421 1422
384 629
492 809
752 753
1996 2533
2255 2254
1929 1930
758 796
1026 1025
2254 2274
870 875
461 462
1938 1939
1018 1026
1322 1395
95 100
802 795
506 505
1769 1777
1849 1853
419 538
2332 2330
1047 1048
1772 1775
117 142
690 689
2368 2512
1691 1729
1878 1884
1831 2099
966 1453
1800 1836
1649 1605
685 687
1875 1880
1515 1525
617 618
197 2619
88 1030
1503 1502
399 1844
1815 1827
837 841
2317 2318
973 971
364 365
136 2386
499 501
1 4
362 373
2400 2436
1857 2052
1836 2057
1896 1999
2618 2619
637 641
2270 2269
2283 2285
518 535
2291 2290
2379 2454
372 2573
1314 280
2383 2384
1434 1439
2263 2266
2198 2208
653 654
1831 2540
1328 1336
1838 1839
1173 1172
560 564
1711 1758
943 944
1465 1464
2043 2544
1719 1762
153 156
1359 1362
893 894
236 237
1053 1054
1547 1554
2415 2416
1689 1691
271 1359
1371 1372
2087 2092
957 959
1485 1486
1472 1479
921 1198
329 330
2078 2079
1260 1261
156 147
1555 1558
348 349
2144 2143
400 1788
514 513
1382 1387
2193 2199
488 489
932 931
1912 1911
413 412
605 610
1677 1678
611 612
1901 1939
2049 2549
1043 1266
1138 1212
1882 2012
435 441
1665 1661
284 1298
686 691
1301 1302
379 1929
2202 2311
2455 2458
1057 1268
138 210
1410 1411
2447 2446
863 1459
1698 1699
242 2353
1459 1460
332 2588
472 471
127 129
1310 1311
2438 2486
66 68
1549 1605
471 1586
1656 691
2062 2063
12 2649
953 963
274 1343
923 928
2221 2220
1713 1712
1071 1076
135 2388
1853 1852
758 795
1376 1380
1636 1638
298 304
2594 141
1897 1995
995 996
2256 2258
2115 2253
1607 1649
639 641
1115 1132
2271 2273
1709 1708
1851 1852
2103 2263
1160 1159
1537 1645
350 1957
1058 1269
2115 2225
1775 1776
526 532
2444 2490
1030 1029
470 562
1108 1220
528 530
2293 2292
2442 2444
554 555
879 881
2064 2095
1950 2570
499 561
262 2319
1043 1045
2065 2064
1247 1245
884 891
944 955
681 682
2147 2152
2106 2108
2224 2226
790 789
1760 1762
2557 2566
201 2616
2230 2233
672 685
1618 1619
196 1325
1064 1066
765 767
2188 2187
2056 2051
1262 1263
428 437
1918 1919
871 870
109 110
2046 2045
1328 1355
2047 2545
2427 2437
308 310
1916 1920
504 737
1973 1953
601 600
2345 2346
28 27
2077 2133
33 32
1786 1790
553 556
2061 2060
1351 1356
510 517
1213 901
2631 2597
2578 1863
451 2585
2469 2472
266 265
845 901
885 889
907 713
1 62
646 645
1094 1105
224 1389
1346 276
78 1271
950 951
142 143
1621 1625
711 701
1066 1072
1568 1569
405 395
2494 2493
422 541
1801 1802
2108 2256
431 447
2631 2636
144 143
910 913
157 160
1895 2000
1778 1811
1828 2289
32 35
1779 1813
440 2584
1901 2577
613 615
990 991
742 748
1152 1154
756 796
479 488
1935 1936
1864 1863
982 998
1146 1153
51 2506
1929 378
1704 1703
1508 1507
902 1457
1710 1764
1447 1403
26 2652
1685 1759
2485 2487
882 884
829 1469
817 1640
1732 1736
1092 1091
1232 1246
418 1716
1237 1238
2439 2487
1360 1361
1047 1046
2123 2125
1592 1591
1235 1237
1634 1637
2222 2227
2231 2232
840 841
1087 1240
1515 1507
2055 1836
951 1253
2403 2436
2309 2325
1815 1826
196 197
837 1219
2603 2640
1640 1641
996 1002
1517 1523
544 543
99 104
834 853
1955 1970
1914 1925
2074 2073
2377 2376
1954 1973
205 2624
1466 1464
2281 2284
306 315
653 657
2401 2407
478 1551
560 563
2090 2091
153 157
2630 2628
893 895
2411 2414
2110 2255
2415 2423
233 236
2234 2235
271 1358
319 318
2111 2114
2237 2236
706 709
452 550
2121 2538
1260 1264
156 158
481 484
423 1679
626 785
1577 1576
1417 1416
380 388
476 482
307 313
2133 2536
1176 1174
986 992
23 28
1429 1433
2347 2348
36 41
541 540
1663 1664
1138 1137
1707 1706
1806 1807
1301 1300
1937 1938
431 444
1021 1022
798 797
1057 1086
1405 1406
905 904
964 1446
1698 1823
2476 2458
821 825
320 1655
927 928
1670 1686
1036 1035
1939 1940
1997 2003
158 146
2129 2217
145 144
2507 2508
1629 1608
2527 2302
1321 1326
83 82
483 485
628 642
1876 1917
1330 1329
1789 1788
816 1641
489 490
1432 930
201 203
207 211
85 86
2463 2367
2313 2314
43 44
776 777
135 2386
197 198
137 210
304 318
92 93
350 1956
96 99
1703 1820
875 877
883 882
468 1590
1702 1821
1038 1050
1796 1801
2063 2064
425 543
820 829
2409 2411
445 1669
1616 1617
2065 2094
1000 1014
1736 1740
2427 2428
2613 2621
2147 2149
2210 2216
763 783
201 2617
1252 1255
166 2641
264 1373
5 6
938 937
255 249
2149 2193
330 333
368 370
109 2500
604 605
2005 2135
830 837
1336 1335
1959 1958
2345 2347
188 2606
1966 1967
1303 1304
2077 2536
111 113
1958 1968
2142 2535
1791 1790
1273 1292
850 852
1297 1298
598 607
1672 1673
2631 2630
663 647
65 66
958 960
2608 2610
907 909
2068 2084
1094 1103
2243 2247
1034 1033
2129 2537
1576 1582
332 333
1901 1900
142 2595
488 814
1494 1495
261 260
1801 1835
259 1380
2199 2200
455 582
1840 1842
2454 2459
1123 1128
2333 2365
389 390
1895 1899
436 438
746 751
1274 1285
32 36
1977 1976
1056 1267
386 632
911 902
779 782
2387 2446
340 344
2209 2215
1765 1766
356 363
817 816
1927 1934
1682 1681
868 1508
902 1205
870 869
2067 2066
1447 1449
1800 1837
475 1587
1274 1273
393 1867
817 1639
2177 2184
305 304
1389 1391
1873 391
1237 1239
53 2505
125 140
671 686
690 643
1424 1428
1916 1917
1951 1984
325 331
489 813
59 60
2601 2646
922 1206
185 187
591 593
841 1219
1342 1354
2440 2491
544 549
948 1225
939 1418
456 579
1954 1972
2291 2296
762 787
566 572
1466 1471
1316 1349
956 955
382 688
653 656
313 925
293 1409
759 788
469 560
1754 1749
1053 1052
250 1371
507 584
383 384
1617 1623
2196 2197
2357 2371
11 2648
1565 1569
931 1431
1260 1265
481 480
1714 416
524 570
1417 1418
307 315
1388 244
2133 2132
1408 1426
612 613
2017 2016
1784 1793
1172 1171
235 236
177 182
2349 2351
1292 1295
2110 2254
816 815
2343 2342
379 378
2196 2215
1021 1026
849 898
1276 1454
74 76
1330 1331
1727 1728
2476 2482
457 456
2438 2485
471 1589
915 919
1705 1704
2158 2159
392 1869
1997 2142
57 56
2148 2146
1993 2567
1582 1583
249 1387
1988 2532
202 203
83 84
483 495
1975 1980
648 791
2183 2185
300 303
1190 1196
778 779
101 99
2075 2077
1709 1768
2394 2395
519 535
1286 1288
2289 2290
869 877
92 97
263 2313
619 618
1703 1821
280 1350
2294 2299
867 883
1707 1749
1311 1400
1528 812
672 680
151 161
1049 1038
468 1603
1702 1753
1796 1798
2448 2449
2064 2096
211 2383
1041 1049
2228 2230
766 783
843 841
2596 2597
2381 2453
576 505
2147 2150
2383 2450
763 785
1182 1167
425 424
201 2620
1252 1254
472 473
2308 2326
2056 2058
735 738
291 290
109 2501
604 610
467 554
2643 2645
928 1206
2267 2286
1989 2168
1958 1969
1920 1929
2419 2444
2420 2417
2061 2551
857 854
1672 1674
1742 1741
1372 1373
663 662
2623 2635
268 266
1062 1064
522 574
910 914
702 708
1099 1226
2073 2081
2082 2118
1483 1487
2068 2086
1628 1629
1660 454
2129 2216
142 141
80 79
2598 2632
120 2496
2197 2198
1587 1586
2021 2022
492 493
356 357
80 1024
1911 1910
2254 2253
436 439
746 752
332 353
1538 1645
340 339
2477 2481
1020 1023
70 69
1772 1773
38 79
1764 1765
1146 1157
817 823
1704 1820
2473 2476
224 1388
1682 1722
218 232
1497 1498
665 676
1187 1190
1499 1500
2498 2396
685 684
2398 2399
231 2590
1087 1239
1279 1402
2099 1830
360 1653
965 1448
1876 1877
668 673
299 326
399 1787
1092 1094
1232 1243
182 191
1237 1244
1251 1252
591 592
1546 1554
1507 1518
1948 2558
1773 2580
190 191
1256 1261
1166 1169
2134 2005
464 465
344 346
206 207
2503 2506
108 111
839 1529
1717 1718
1825 2298
1654 1653
2369 2461
578 552
720 801
1799 2581
1472 1480
866 886
269 2187
2093 2107
2386 2447
365 1953
1555 1556
759 789
202 2626
401 400
1112 1113
2249 2300
443 1671
1053 1061
2145 2214
1101 1225
2425 2424
2382 2452
1485 1494
757 759
1715 1717
1111 1221
2552 2543
415 586
1917 1915
481 487
1658 1659
121 2396
524 577
2322 2320
138 209
2133 2137
292 1409
1970 1976
835 838
2325 2324
743 748
2461 2462
44 45
595 596
757 796
1692 1697
1201 1205
2349 2360
1305 1306
854 1458
819 818
33 2654
274 275
2083 2082
80 1032
909 915
2130 2129
1548 1649
1726 1728
760 759
2084 2083
2502 2501
419 1716
457 1660
2438 2487
2392 2396
1500 1504
676 644
2157 2158
1236 1237
1245 1249
1612 1646
47 2657
1866 2578
2324 2328
633 390
89 90
1888 2554
2367 2366
1582 1585
397 1845
304 303
807 723
769 768
470 469
199 221
2602 2601
1190 1195
85 90
625 621
528 452
2157 2160
2253 2276
820 821
2271 2280
1354 1340
1164 1165
2289 2288
2488 2489
884 718
112 115
1418 1420
2042 2067
1703 1753
679 678
763 766
199 2618
1451 1452
151 162
1038 1051
1549 1551
1250 1251
2432 2433
1041 1048
2149 2150
1557 1564
1110 1111
2247 2248
2128 2538
202 2620
2322 2323
1566 1565
2383 2449
1860 2046
2557 2556
224 1333
318 320
2325 2327
2546 2547
1121 1122
507 508
251 253
2334 2336
978 985
938 1417
850 851
735 739
2131 2130
291 341
1291 1296
564 563
120 118
1215 1218
2465 2464
559 566
568 551
15 65
2450 2449
2627 2638
2494 110
857 856
663 664
268 1370
1564 1565
2620 2625
1490 1524
1613 1619
2217 2216
1089 1266
266 1372
2073 2080
1878 1912
2159 2534
1365 1367
1893 2003
1885 2011
1628 1608
657 704
1805 1829
1179 1178
353 352
120 2498
409 1788
1856 1858
2320 2514
368 1947
741 742
372 371
2211 2212
1146 1150
355 2588
932 1210
2604 2603
40 44
970 1276
2104 2262
1677 1683
1885 1884
2353 2354
746 777
2468 2469
1977 283
2260 2261
1933 1941
2370 2512
2259 2270
2351 2352
718 795
46 85
1815 1814
822 824
146 2600
1502 1505
1339 1386
219 218
966 1448
218 233
1499 1501
1039 1038
1539 1542
448 447
428 438
231 237
1322 1394
548 549
2177 2182
82 81
2168 2169
2470 2367
198 2619
106 152
1861 1860
1251 1257
2314 2319
1733 1744
1195 1193
2399 2435
1896 1995
4 6
808 873
1542 1600
1862 2015
2045 2545
727 728
1955 1956
254 249
169 1000
521 520
840 847
2357 2358
190 2615
462 466
13 17
345 1961
2052 2056
2281 2282
250 254
244 2339
2134 2135
539 538
1396 1397
232 233
443 445
719 884
2041 2043
1492 1522
1075 1083
841 847
546 547
522 534
271 1357
720 719
1288 1292
1470 1474
1715 1762
2629 2634
1042 1046
1565 1567
1481 1479
265 1373
1820 2298
1257 1256
1578 1581
2385 2447
932 1183
527 577
970 975
739 741
1124 1128
481 486
238 2377
1658 599
980 979
734 740
2136 2139
2322 2513
311 1410
949 1230
31 36
1057 1267
2024 2025
2213 2143
2448 2446
2461 2465
128 129
1803 1802
1669 1687
1724 1759
953 952
1461 1488
317 316
666 665
904 903
1981 1974
1408 1443
1992 2569
2496 2497
338 339
460 1596
1974 1982
712 918
150 163
1816 1818
1067 1071
298 299
300 304
897 1456
1584 1589
927 1441
126 140
2157 2174
1594 1596
86 87
633 634
2507 2509
1141 1211
89 163
495 725
873 874
1888 2555
427 426
2367 2511
2264 2263
483 494
1907 1908
1411 1427
247 246
701 1455
1161 1163
1319 1351
1432 1435
1311 1313
1108 1117
2442 2441
2029 2074
2256 2271
375 1654
499 562
2645 2646
228 240
1889 2555
1781 1794
2648 57
1277 1452
1395 1394
2085 2088
2092 2091
619 621
1315 1349
2251 2300
1108 1107
381 688
2096 2106
264 265
1249 1250
647 789
2240 2250
596 597
1743 1746
1119 1143
163 162
2571 2572
761 763
1599 1598
1605 1642
1247 1248
2047 2045
1715 418
1833 1832
1657 600
2214 2144
838 851
2499 2504
2546 2548
2164 1991
507 602
213 2592
555 556
941 1112
316 701
844 843
1793 1792
208 2630
861 862
1826 1825
2605 2604
885 892
120 122
1296 284
949 953
1709 1755
1663 1690
1879 1880
1477 1478
2614 2621
1748 1747
1374 1375
68 71
715 906
899 898
2450 2451
1383 1384
1066 1067
1554 1553
2435 2434
1714 1717
1564 1563
2537 2538
1089 1088
1635 1533
1973 1982
2101 2104
416 415
475 474
2156 2158
1576 1583
1779 1811
2550 2551
385 629
353 354
730 748
1283 1282
2059 2540
479 480
1997 2002
1775 1816
982 172
741 749
2211 2209
1279 289
171 170
80 1031
777 779
1159 1170
2197 2215
1309 1310
1187 1189
1922 1928
2468 2474
1708 1769
1399 1395
223 224
1933 376
1884 2011
2483 2488
1851 2578
2399 2400
1721 1720
2190 2313
1733 1719
673 672
2458 2489
962 1446
1454 1453
465 1603
1342 1343
1704 1753
1327 1326
2650 2651
1567 1599
966 1454
2442 2489
1875 1874
842 841
1601 1602
82 86
399 1841
1893 2004
625 784
1511 1512
359 1655
1986 1987
2038 2041
351 1955
1887 2008
1857 2053
2200 2206
2307 2326
2618 2617
208 211
306 317
365 1952
2134 2136
293 292
1436 1437
2406 2407
533 534
2455 2457
153 155
1313 1317
941 940
230 220
2422 2433
2179 2180
520 535
2288 2294
2414 2417
206 2638
2385 2384
683 689
2629 2635
1060 1064
1565 1571
1883 1878
1100 1226
2374 2460
2171 2185
1756 1758
1540 1610
415 587
813 812
860 863
1555 1559
1228 1227
1881 1880
1145 1144
1777 1810
310 313
2232 2245
509 510
2518 2517
2014 2012
2559 2565
1170 1171
1999 1895
1956 1969
1429 1432
2328 2329
1006 1264
739 743
1952 1953
1276 1277
2344 2345
959 1420
1662 1693
1145 1172
1668 1667
2202 2203
2466 2475
1021 1018
849 900
945 955
2461 2460
449 454
971 1275
1926 1934
2114 2110
61 1040
404 396
1724 1723
2049 2553
846 900
816 824
1364 1368
904 910
2080 2121
728 797
1548 1650
1630 1631
454 2585
896 1456
148 147
1376 1377
1807 1817
2158 2535
1679 1678
964 1448
2517 2523
2183 2184
1569 1595
67 1270
1699 1737
1277 1280
2256 2272
1571 1570
98 152
629 637
86 89
1135 1134
2367 2512
218 2590
1907 1909
96 93
1151 1152
2258 2271
11 12
875 869
1311 1399
825 828
2442 2443
287 1289
1796 1797
879 880
1312 1311
820 827
1681 1721
375 1653
2361 2511
101 109
717 891
1317 1349
1043 1044
2262 2268
2409 2410
1403 1451
219 2590
1941 1942
2085 2087
2106 2107
1108 1109
163 164
2655 2656
768 767
1252 1253
1504 1506
2170 2181
1549 1552
1869 391
2236 2241
1249 1248
871 872
363 362
1605 1604
1117 1126
2150 2190
191 192
1122 1123
308 307
320 321
18 20
601 602
1139 1141
1657 1659
975 977
1966 1965
1958 1967
2599 2632
2269 2268
731 805
553 578
1273 1272
1994 2164
598 599
941 1113
811 1462
363 368
2131 2211
888 889
7 62
2469 2470
845 1213
1810 1811
2285 2299
758 757
2066 2543
885 890
949 951
1139 1138
654 655
1094 1095
1879 1883
2255 2256
2130 2537
664 665
1066 1073
1554 1560
13 2649
1890 1891
1672 1685
316 920
1372 1374
1098 1228
455 581
1608 1633
311 312
2323 2324
1996 2162
2010 2009
386 387
2259 2258
2375 2376
742 749
1886 2009
340 289
1152 1153
1606 1649
294 337
1995 2162
453 452
1929 1928
777 781
1927 1931
1026 1027
582 550
2380 2379
2166 2162
2353 2357
2086 2065
721 878
130 2394
1445 1444
1092 1093
1849 1850
1721 1733
1864 2578
2332 2365
620 621
1342 1341
1634 1532
425 439
2650 2653
1948 1949
1905 1913
1730 1736
637 636
90 161
1499 1520
63 1039
988 1262
1951 1950
1600 1599
1256 1258
842 1219
951 1248
726 727
1173 1145
1861 2046
1143 1175
2204 2308
511 1657
1887 2554
2078 2073
996 1001
193 194
498 497
522 533
1533 1651
507 519
1945 2571
2283 2284
2071 2072
1006 1007
2291 1826
462 579
345 1962
1795 1796
285 1296
1314 1315
269 2188
536 537
116 118
2401 2402
313 314
352 1954
196 1323
533 542
1711 1757
1359 1358
2630 2637
893 715
230 231
8 65
2280 2301
2288 2299
2127 2538
578 581
2385 2386
2111 2113
1944 2572
452 583
1096 1101
2248 2249
1223 1224
1260 1083
994 1004
1713 1714
476 475
509 601
987 990
1996 1998
805 730
2316 2323
605 606
407 2586
1763 1765
1006 1265
178 182
739 742
19 21
1276 1275
268 2189
2199 2208
2344 2343
1928 1930
1995 1998
122 126
1808 1804
1668 1669
2246 2302
1299 283
2024 2030
905 906
2391 2390
2476 2477
199 219
406 617
961 1405
1487 1493
660 661
61 1039
1236 1235
12 57
57 2649
2303 2302
855 1459
1387 1386
972 1274
920 1200
2080 2120
1630 1632
1070 1078
483 484
1975 1979
79 81
2517 2516
1636 1637
172 180
1569 1594
1897 1898
1246 1247
2514 2513
634 635
1180 1179
1571 1593
1607 1648
2271 2270
2040 2041
92 91
1974 279
96 97
267 2313
1315 280
210 2385
184 190
2444 2445
1943 1944
1491 1522
1771 1776
2064 2094
1681 1760
56 2654
761 764
1403 1442
766 767
1395 1401
2092 2093
1880 1882
2061 2098
210 2384
2106 2105
2224 2225
163 1029
2557 2560
391 1876
1252 1256
2436 2437
626 642
196 195
293 343
2194 2193
421 422
2188 2189
2308 2309
232 237
912 1201
1249 1252
1949 2566
597 607
1119 1144
330 332
2069 2068
368 367
415 414
950 1248
354 2588
191 193
16 19
413 1765
922 923
2267 2268
601 1657
1336 1337
1207 1206
2287 2286
531 532
10 13
1970 1971
568 567
33 34
1920 1921
2334 2345
649 650
731 730
2142 2143
1791 1799
2061 2550
1949 2570
598 606
363 367
888 893
958 961
29 77
534 538
2469 2473
1365 1366
885 888
949 952
1483 1488
703 707
1058 1059
1227 1229
1748 1755
1374 1378
899 1456
649 647
1363 1368
2235 2244
2521 2522
479 478
111 110
1894 1899
412 1783
1608 1607
702 701
2175 2184
173 982
1024 1081
751 752
386 630
2375 2379
585 586
1183 1208
1935 1934
2019 2017
1775 1817
1128 1135
30 78
1146 1152
1704 1819
2473 2472
1768 1767
2459 2476
1309 1308
2254 2275
2166 2171
721 720
668 670
1384 1339
130 140
919 1455
1847 395
622 621
1092 1107
1581 1582
2525 2526
53 54
326 295
351 350
1342 1351
367 2570
1235 1234
48 2658
2307 2306
1585 1584
1242 1250
637 638
90 162
1574 1591
1256 1255
1434 1435
809 808
625 783
2031 2074
644 643
6 8
188 2614
362 369
174 173
193 2618
1517 1518
99 102
1799 1800
507 518
991 1261
1945 2572
462 578
762 788
1314 1316
189 188
1666 1690
813 1527
270 1360
602 737
2406 2405
1326 1333
2249 2250
1002 1003
1359 1363
893 896
941 956
230 229
2098 2100
2287 2299
1746 1747
2193 2197
1005 1004
506 576
1617 1618
2629 2636
1060 1065
2356 2372
156 157
2100 2104
2523 2524
600 1658
496 803
1552 1578
758 789
2022 2010
1777 1811
473 496
310 312
2133 2134
590 410
743 742
23 29
932 1431
1429 1413
249 2336
1893 2002
1677 2583
322 358
2349 2342
1292 1293
854 856
1923 1924
698 710
2472 2471
117 123
1707 1708
1806 1805
434 443
1808 1809
1668 1689
2606 2608
2466 2474
798 799
896 895
2391 2507
945 954
964 965
661 666
816 1640
1067 1069
859 1503
1168 1170
406 640
821 826
660 668
258 2331
145 2599
2112 2116
2221 2222
2527 2529
304 306
278 1350
2007 2006
1422 1412
2183 2182
223 1324
1432 1433
494 806
85 84
1142 1210
725 726
1881 2015
1277 1281
2115 2252
1844 2053
1162 1161
452 451
2451 2457
252 1381
42 52
457 461
228 1393
2262 2266
1693 1695
2114 2254
1160 1165
524 525
2289 1827
1976 1979
1766 1780
2402 2407
1345 1349
209 211
825 1467
2366 2362
2651 2652
375 2573
374 2573
269 268
1041 1042
1743 1744
717 716
2018 2036
1540 1611
1403 1402
2120 2124
1824 1825
1616 1615
2427 2426
845 846
2191 2313
1598 1597
2061 2099
2644 2645
477 1579
2152 2153
301 302
2325 2326
2053 2054
924 925
1531 1651
1957 1969
929 1437
1322 1321
972 980
191 2616
1595 1597
97 99
928 1441
1400 1317
975 978
559 558
1665 1666
2624 2626
649 654
2598 2631
2142 2534
71 1036
1903 1939
292 343
1158 1172
2373 2460
1969 1977
1750 1752
2623 2627
2109 2110
455 580
1690 1691
1620 1619
266 1370
397 396
561 563
448 547
1483 1486
138 141
589 595
703 702
1034 1080
1576 1575
2178 272
1227 1230
270 2530
324 2588
1255 1261
261 1373
1374 1377
474 483
1383 1386
393 636
1104 1223
2521 2523
2494 2496
1174 1180
1185 1192
390 634
1192 930
412 590
1713 1758
716 792
728 729
2206 2516
377 1656
2333 2332
1187 1191
746 776
2260 2259
1430 1432
2259 2261
622 625
730 729
1935 1937
1864 2015
2028 2076
136 137
1308 1399
1177 1208
2341 2353
1447 1448
1486 1494
670 673
1080 1033
1539 1540
1933 1942
474 1588
2510 2512
1232 1234
1506 1518
1849 1852
2525 2527
1640 1639
53 2656
326 327
511 515
1914 1877
1507 1506
1857 1856
2200 2207
1585 1589
939 938
548 428
874 872
345 346
2055 2056
306 307
501 502
1412 1428
1163 1164
1986 2532
50 94
839 848
188 2613
1195 1197
1075 1084
2440 2439
1517 1522
1825 2297
578 580
99 103
1799 1790
991 1264
2270 2281
2629 2630
1042 1047
1954 1953
2410 2405
2415 2424
2374 2373
2401 2408
313 924
1545 1546
1535 1616
1719 1718
2561 2563
388 1919
2131 2537
1065 1073
1111 1112
1214 1216
2316 2325
1085 1258
757 760
2639 2640
2196 2145
214 2592
1579 1578
2356 2373
1124 1127
302 2589
734 733
1903 1901
1197 1199
1881 2013
600 604
380 691
1705 1749
1183 1184
835 836
2336 2344
556 559
1214 1213
335 337
126 125
1677 2584
178 180
2349 2350
592 593
900 901
1688 1687
1928 1931
167 166
317 699
2632 2636
657 656
551 550
955 954
2472 2478
2165 2162
983 997
2202 2312
896 905
1299 1312
767 780
649 792
2114 2115
660 667
676 675
1368 1384
915 916
1550 1604
437 436
1024 1032
57 2653
158 159
1950 1949
205 215
321 358
316 921
2450 2455
1298 1301
1180 1171
872 870
2342 2351
358 361
287 1287
1150 1151
252 258
228 241
880 867
91 90
1164 1160
1160 1169
864 1514
1017 1026
2251 2250
247 2338
2161 2160
2365 2330
1049 1048
281 1981
1743 1742
269 1361
1985 1986
2018 2035
2228 2229
1519 1521
674 678
1943 2572
1848 1855
1983 1985
2567 2556
308 309
2092 2111
1086 1085
1259 1083
2106 2257
2006 2134
838 841
301 303
1530 1651
251 252
401 2586
2073 2072
2404 2436
5 7
2056 2057
22 23
1119 1139
349 1958
105 106
2050 2550
2286 2285
929 1207
1322 1323
534 542
191 2617
2338 2339
466 553
561 560
1296 1295
1913 1925
101 2501
1091 1090
1805 1804
446 1669
1003 1013
2624 2627
715 894
2419 2491
2452 2453
1672 1686
268 1369
2623 2628
222 226
1098 1099
2620 2621
1613 1612
655 661
2109 2255
1620 1610
654 662
1370 1382
146 145
523 574
276 2168
2243 2248
1366 1340
1034 1271
1545 1609
1886 1885
393 638
409 1785
1606 1637
1185 1191
2329 2513
741 731
979 984
80 1025
342 340
2153 2175
1431 1432
1169 1170
248 1386
2397 2493
991 1006
1708 1768
998 999
1126 1130
49 91
1016 1028
1886 2576
1389 1388
1904 1935
1673 1674
2477 2480
1020 1022
1128 1134
1327 1329
932 1209
2459 2458
2067 2086
952 964
1039 1049
1444 1442
1593 1594
426 543
2601 2600
1732 1735
1092 1106
1328 1352
326 328
2314 2317
351 352
1507 1512
457 1602
770 769
997 999
4 3
1007 1265
1916 1918
874 722
1700 1737
1944 2564
1006 1005
753 754
1574 1590
1158 1159
59 61
2263 2262
344 345
644 786
1820 1824
533 532
2484 2483
2611 2612
1 61
108 107
1313 1314
351 1956
2422 2431
2179 2178
522 535
2369 2368
720 881
1799 1838
1470 1475
420 539
1942 1943
2270 2282
824 1466
164 2641
1042 1045
337 293
1096 1095
1611 1543
2413 2415
205 2627
536 538
1762 1718
1718 1745
2225 2238
1097 1100
1535 1617
1055 1059
1002 1014
327 331
2232 2233
2234 2245
648 647
435 440
309 294
1578 1577
2559 2561
2087 2093
383 382
1763 1764
2639 2641
61 62
108 110
1680 1760
2196 2214
1148 1215
2554 2555
865 1509
626 786
369 370
734 735
2136 2140
1786 1788
600 605
2322 2329
983 998
1290 285
1535 1534
1321 1320
2606 2605
31 32
849 1529
2583 2584
2193 2200
986 993
1337 1338
898 1456
249 2337
335 348
2597 2637
379 691
1201 1203
1677 1676
322 357
1292 1294
129 130
2418 2420
517 584
1803 1833
1923 1927
816 823
657 658
551 569
2507 2389
2393 2396
955 958
728 798
909 910
1726 1725
645 676
705 706
1070 1071
1321 1327
1728 1724
567 570
1405 1445
905 1456
1975 1976
905 909
1510 1511
1340 1339
1067 1072
132 140
1774 1818
1637 1640
207 213
2596 2593
437 438
2042 2066
1844 1845
47 2658
1950 1984
2451 2455
1583 1584
495 494
1320 1401
993 994
1418 1421
139 137
806 808
1539 1538
1664 1665
769 771
2361 2359
184 185
2116 2224
1282 1285
2105 2258
85 89
514 537
778 782
1771 1770
527 529
1312 282
378 1932
2478 2477
1028 164
878 720
101 102
2075 2078
524 526
2408 2409
2289 2293
1017 1027
869 868
2085 2083
1315 1348
679 681
1883 1884
2152 2146
394 1867
54 2655
1154 1217
2023 2032
2404 2427
1869 1870
1351 1344
50 2657
647 790
56 2505
2432 2424
2040 2045
2018 2034
1540 1543
2150 2188
1848 1854
2128 2537
401 408
2567 2568
737 736
2006 2005
472 474
585 1659
971 975
981 1272
505 504
926 1410
833 835
1524 1523
2214 2213
22 29
835 853
590 593
933 1431
105 108
604 611
2454 2456
1797 1798
1947 2571
1471 1470
220 229
1139 1211
2610 2633
603 736
1477 1476
2598 2597
1363 1364
1104 1222
857 862
2500 2501
1750 1749
222 225
1613 1620
1099 1228
1620 1621
693 710
2101 2102
1895 1894
146 2599
589 596
173 179
714 794
2156 2157
1560 1561
2526 2529
1430 1431
1433 1412
497 803
1606 1640
615 616
1092 1118
455 583
257 2331
979 983
2341 242
171 186
777 778
2604 2608
40 43
399 1839
1293 1303
1661 1694
1210 1209
703 712
1020 1079
1708 1771
1804 1803
432 444
2370 2510
588 587
46 84
1328 1329
901 1457
1673 1675
1904 1936
38 83
1896 1897
1691 1728
423 439
1831 1832
815 1465
1865 1871
967 1454
1080 1079
2226 2237
428 427
1087 1268
2529 2302
1593 1592
1841 1844
1244 1242
352 1955
815 1641
644 690
1986 279
511 510
491 809
424 423
997 1001
1532 1651
1945 2565
254 255
1074 1085
361 373
1705 1773
1158 1173
523 522
536 534
2055 2057
696 697
1022 1024
2035 2069
365 366
1332 1333
344 1963
602 505
1776 1777
2261 2269
2359 2358
2455 2454
108 112
1989 2531
2388 2400
415 1763
680 679
2414 2415
1288 1291
1744 1745
757 756
1751 1752
1541 1542
2410 2411
1096 1100
1111 1115
1615 1617
1100 1101
2356 2374
2426 2428
265 1372
1552 1579
1097 1099
2242 2243
1626 1627
2560 2561
422 1680
339 343
2561 2565
327 330
2321 2322
1258 1261
1970 1969
2612 2635
974 980
2382 2450
2020 2019
1172 1180
436 440
322 321
1407 1420
589 590
610 609
167 1015
238 2378
865 1460
899 849
2278 2300
2322 2514
1290 1291
2202 2201
2606 2607
31 37
124 141
987 992
1114 1115
743 747
242 1393
132 130
1712 1758
1295 1298
199 200
851 1529
1686 1725
67 66
959 960
2418 2417
1803 1812
1103 1104
1923 1926
904 909
2070 2084
909 914
1548 1605
2158 2143
2609 2610
1067 1070
1319 1320
793 792
1902 1905
1075 1076
49 2658
1569 1570
300 301
897 1460
382 386
1584 1590
201 219
143 2595
1637 1639
114 2496
2324 2329
1141 1142
1863 2579
2040 2039
1888 1909
427 438
843 1147
524 523
35 36
2257 2258
347 346
479 814
832 1501
41 42
1422 1423
2007 2025
628 641
2452 2456
172 171
1319 1327
2368 2367
1934 1933
208 2593
2170 2171
72 73
1700 1701
527 526
2290 2293
1818 1824
2441 2490
1028 1029
2040 1861
2088 2087
1526 1527
2120 2119
1403 1449
464 1596
869 879
1868 392
1469 1475
2178 2180
1496 1498
1057 1056
417 512
54 2505
380 1919
2236 2239
2431 2430
230 239
1250 1252
1119 1118
296 308
1149 1216
363 364
433 434
1519 1518
449 448
1544 1556
177 192
58 60
2607 2613
1207 1197
2252 2276
253 256
975 976
1566 1567
10 9
12 13
288 1287
2546 2549
1121 1124
505 737
833 836
71 1037
2297 2295
1969 1978
1992 1991
363 369
116 160
1826 2296
2338 2340
564 572
845 900
1810 1809
1797 2581
220 2591
2170 2182
714 907
1892 2004
270 2187
1805 1833
1748 1749
899 901
2419 2490
1189 1204
2420 2421
1622 1621
1625 1626
2500 2499
2435 2436
509 584
648 792
434 436
2175 2174
1567 1569
2159 2535
1083 1265
631 632
523 570
733 803
276 275
1106 1112
657 703
2547 2548
385 630
2009 2026
2132 2138
615 772
182 181
2321 2320
2059 2060
1009 1010
1318 1351
2028 2029
2211 2213
444 443
2316 2324
2341 2351
2604 2639
582 583
902 901
1802 1834
2397 2396
173 172
658 659
1906 1913
703 918
1708 1770
2238 2252
1168 1181
1684 1683
2177 2176
197 221
1538 1646
668 667
75 76
799 720
1445 1404
1332 1331
1495 1496
644 677
926 1440
1517 1516
1865 1864
1080 1081
1087 1086
2238 2251
1601 1598
45 2657
82 84
1982 1985
399 1840
106 153
772 773
1581 1585
2314 2318
2038 2037
839 851
2280 2279
174 981
498 501
2399 2436
289 288
921 922
104 106
1336 1338
2415 2426
1827 2290
2374 2454
1723 1682
2642 2643
1412 1439
280 1981
2031 2073
478 1550
1163 1165
380 687
2298 2299
2455 2456
1534 1651
719 718
1708 1755
215 214
941 944
2098 2099
1046 1054
2414 2416
92 151
1470 1473
1731 1732
2629 2628
2229 2235
1612 1610
860 864
626 784
2245 2246
392 634
496 497
2242 2248
1626 1630
1835 2542
473 474
310 311
2321 2323
420 419
2549 2550
967 988
2164 2163
2020 2011
177 178
441 1675
2335 2336
314 923
2141 2003
610 612
2049 2546
341 343
846 847
122 123
1662 1661
468 555
2246 2528
1807 1810
2231 2521
1876 390
1478 1479
132 133
449 1660
453 454
1295 1301
1926 1935
75 1035
67 68
915 914
1036 1068
963 1446
1724 1729
1079 1078
855 863
904 911
2080 2118
951 964
1630 1629
2496 2498
1008 1076
705 693
727 730
148 156
1807 1814
1570 1594
619 623
1510 1514
81 86
2184 2182
494 493
625 624
2004 2135
228 1392
45 52
993 1005
92 152
729 754
1575 1590
572 571
1229 1247
1129 1134
2251 2277
620 766
2116 2225
470 471
1153 1156
875 876
209 210
1934 1941
801 719
72 75
2290 2292
1818 2580
2350 2358
2361 2362
878 881
2440 2483
754 796
880 882
2120 2123
674 675
869 880
540 539
1323 1398
1496 1499
1340 1355
679 682
1220 1221
2152 2151
2558 2566
2566 2567
724 807
273 2178
818 1643
933 934
433 437
648 790
2050 2059
1877 1915
1519 1522
972 974
845 1215
1842 1837
18 25
928 1437
2048 2545
163 2642
10 12
2135 2140
1966 1959
463 466
1121 1123
2614 2613
2269 2282
1144 1172
251 254
1439 1440
441 2584
2277 2300
2297 2298
1903 1936
557 552
2373 2461
1338 1355
881 884
222 1325
116 144
655 660
1826 2297
689 688
564 573
2419 2420
2285 2298
448 546
1483 1484
337 343
1370 1371
714 713
2195 2196
1106 1105
2220 2521
1346 1345
1879 1882
187 2605
715 714
649 663
272 2176
2235 2241
1622 1625
2494 2495
1625 1628
612 776
294 310
1789 408
2620 2626
979 982
965 1263
2175 2183
1187 1185
631 637
485 494
733 732
1560 1577
1106 1113
732 741
290 342
842 843
34 35
334 348
1416 1421
37 39
2534 2535
182 183
2360 2359
2603 2639
2464 2467
1020 1021
577 569
47 48
702 918
932 1212
2370 2358
2065 2543
1802 1813
1930 1932
658 669
2015 2016
79 1032
722 721
1711 1764
1444 1403
1684 1759
2483 2487
1384 1385
919 913
514 515
1328 1353
2511 2510
1715 1716
619 775
456 1660
652 712
136 2385
769 780
2531 2532
425 426
764 763
51 2657
208 209
429 433
361 362
1514 1513
197 195
2312 2315
2031 2032
1437 1438
6 7
2204 2306
515 510
2200 2205
1774 1775
834 857
1621 1644
2270 2280
1653 1655
1954 1971
1795 1793
1723 1731
270 269
1412 1411
116 117
1055 1058
1835 2541
2041 2045
1361 1369
1358 1364
1731 1736
2424 2433
1715 1718
229 240
1341 1340
2196 2194
2227 2236
2426 2425
994 1003
865 864
324 2589
2245 2244
1942 2572
392 635
1535 1623
2560 2556
179 178
2326 2327
15 14
2144 2213
509 508
2382 2451
1962 1966
940 1114
1893 2001
1407 1426
1415 1429
2141 2142
517 537
1988 1990
117 118
1662 1694
2340 2341
686 692
2466 2468
798 721
1299 1300
871 1490
259 2515
73 74
132 134
44 84
75 1034
853 1458
1487 1492
151 150
404 405
1103 1102
2348 2363
1669 1686
12 2648
2303 2529
424 439
620 768
855 1458
261 2514
1475 1485
2118 2117
1070 1079
697 710
1229 1246
1679 2583
79 82
1785 1788
617 616
1208 1209
1277 1275
934 1137
495 724
45 51
2075 2074
1693 1692
354 365
464 1593
1017 1016
347 1960
796 800
1300 1310
2258 2270
818 823
210 211
2390 2389
1345 1348
2599 2598
281 280
2170 2169
1700 1821
123 142
1048 1050
1681 1720
2361 2510
269 1360
2018 2037
2440 2488
1540 1541
1270 1038
2150 2151
1086 1269
1739 1751
763 784
398 1844
2220 2230
2436 2434
626 628
421 420
277 278
403 2586
473 497
3 6
1119 1145
1985 1987
638 641
2150 2189
191 2615
16 17
346 1961
1842 2054
1287 1289
988 987
446 447
1920 379
1144 1174
441 1676
1993 1992
835 852
2623 2624
888 897
2050 2553
958 959
1474 1477
1045 1056
397 403
1692 1691
277 2531
654 663
1614 1615
267 266
603 738
2244 2247
1627 1628
1879 1878
1255 1254
155 149
1545 1610
334 333
1554 1559
1189 1203
2235 2242
593 616
418 514
966 1263
2019 2021
356 355
1192 1191
2600 2632
113 2496
21 22
631 636
1659 599
1210 1212
485 493
733 740
2140 2139
2547 2552
842 1147
334 349
2375 2374
2462 2465
1304 1305
593 594
1814 1817
1932 1933
30 77
318 699
69 73
1691 1727
970 1275
815 814
952 963
1486 1487
967 966
1906 1909
1373 1374
2043 2066
1039 1270
2398 2397
2177 2178
2470 2486
130 2395
919 920
2079 2121
2125 2223
1389 1390
406 407
55 2505
290 1402
2123 2124
1634 1636
425 541
1845 1855
1242 1241
1642 1604
1233 1244
63 1270
194 1397
2052 2054
809 810
192 193
2035 2034
344 339
1436 929
772 775
6 9
2038 2042
471 562
50 95
1887 1909
2041 2044
2272 2271
2280 2281
233 234
2440 2441
997 1000
2443 2444
68 1037
2296 2295
2397 2399
1795 1797
1696 1822
1666 1667
813 1526
696 1653
270 271
800 801
212 2382
1464 1463
2100 2101
2406 2410
2225 2226
1480 1481
217 234
2179 2181
1521 1518
680 685
1065 1066
1543 1556
2559 2558
1744 1746
1893 1894
1680 1681
1525 1523
1100 1225
302 322
2330 2329
369 368
1713 416
176 177
15 16
2022 2023
987 986
743 744
2339 2340
1962 1965
2319 2320
299 2589
970 976
1196 1199
592 408
1928 1927
167 2639
1044 1267
5 62
2165 2166
1488 1489
2340 2342
460 1595
661 667
1051 1062
1075 1072
406 618
2495 2493
1368 1383
2119 2117
129 2393
2208 2518
1236 1088
57 2650
145 160
620 775
261 2515
2080 2119
632 633
128 2396
645 644
1371 1387
1575 1583
483 496
2007 2554
2102 2103
1902 1908
1246 1245
382 387
2514 2515
947 1224
494 724
1150 1149
527 528
513 511
95 2506
1509 1514
574 575
321 359
282 281
1693 1696
1697 1698
1315 1316
818 821
376 375
76 77
2390 2398
620 767
134 136
1766 1779
2402 2406
1609 1647
825 1468
1761 1719
479 1604
2392 2394
1406 1444
273 1343
2126 2125
675 678
2240 2251
56 55
2040 2046
515 516
1913 1914
315 922
2228 2227
2150 2191
2381 2452
1598 1602
1086 1240
431 432
2644 2643
1739 1750
810 873
2053 2052
724 726
175 179
3 10
296 309
2069 2070
1816 1825
929 928
2275 2277
2300 2301
16 18
845 1218
1842 2055
18 24
97 98
2048 2546
2267 2287
862 856
2641 2645
119 120
1946 2571
1435 1437
118 123
2180 2182
859 861
2382 2383
1920 1922
2627 2628
718 717
2062 2551
7 65
989 1262
655 662
1490 1491
1741 1748
1045 1055
2122 2538
1614 1613
1058 1074
1627 1629
695 1656
155 156
2 58
899 1457
622 623
2235 2243
418 1714
2019 2022
500 563
1894 2001
412 411
1177 1178
1334 1388
208 207
1187 1188
248 1387
100 2647
1783 2582
1390 243
751 753
2139 2212
1694 1695
1126 1116
799 797
1699 1823
2603 2602
1183 1209
273 1357
1898 2562
593 595
1308 1396
962 963
465 1592
815 824
2471 2486
2360 2362
1486 1493
670 671
1546 1650
2121 2123
360 375
1982 1983
407 617
2369 2512
1384 1386
919 1200
2125 2221
1495 1499
1506 1512
2525 2528
408 617
326 325
1234 1244
2579 1861
1492 1497
624 627
764 766
458 1597
2307 2308
472 499
486 491
1944 1945
1074 1269
52 53
809 873
1022 1023
1437 1441
1001 1000
1887 2576
2272 2273
2037 2068
2443 2445
35 2656
2400 2403
206 2627
377 695
1568 1598
1074 1084
183 191
696 1652
238 2355
865 887
2083 2089
1107 1109
1443 1442
221 220
1097 1096
469 555
327 329
1480 1479
1746 1756
150 154
669 704
2559 2560
1214 1215
2316 2317
2564 2563
2012 2020
1893 1892
1357 1366
1124 1123
225 1389
865 1459
535 536
2346 2347
468 467
1553 1577
849 848
509 1657
2336 2337
974 979
1995 2164
1295 1294
649 793
2368 2462
2597 2630
1508 1509
2141 2143
1669 1670
2348 2360
933 1212
846 848
698 711
1811 1813
2112 2111
216 2380
2105 2257
2209 2519
1862 2016
1061 1062
1668 1688
2084 2085
1725 1759
2384 2448
661 665
1340 1385
1407 1443
1556 1564
406 639
176 1306
2495 2497
201 200
921 920
1897 2556
129 2395
1607 1606
425 540
1907 1905
336 347
701 918
132 2509
172 998
745 746
1298 1299
256 2332
51 50
1881 2014
1162 1163
186 187
1013 166
1028 1027
2018 2017
282 1313
936 1134
1838 1837
818 822
376 1654
790 791
913 912
189 2614
1380 1381
394 1850
1091 1097
264 261
1278 1452
2089 2091
2366 2511
213 2382
273 1341
239 238
1550 1551
296 295
1870 1872
1241 1251
1519 1520
1983 1984
2048 2047
1259 1260
1987 2569
1420 1425
2644 2646
228 229
1970 1954
2152 2154
288 1286
1516 1523
251 250
1956 1970
1201 1202
170 169
2439 2491
835 851
1289 1290
2273 2279
1165 1169
191 2618
1296 1297
542 539
2252 2251
119 118
699 701
2407 2409
1805 1808
532 543
187 188
552 551
895 905
2091 2112
2279 2301
1324 1333
788 787
1969 1976
1864 1881
1988 1991
888 896
1872 1880
2097 2100
260 1375
693 692
611 745
1264 1265
138 2593
2430 2434
146 159
2156 2144
414 588
2155 2175
1255 1262
2009 2008
1991 2165
96 2647
1009 1004
1995 2163
1785 1791
607 608
370 371
1147 1150
864 863
39 44
512 585
943 1224
1390 1391
336 338
2140 2003
123 126
1711 1710
290 289
721 876
1010 1019
334 350
2470 2471
439 2583
799 800
622 624
198 221
1130 1133
837 1146
1699 1822
2360 2363
2160 2534
2458 2482
25 2651
290 1403
1308 1395
962 1405
1492 1493
1343 1341
1932 376
1476 1485
1177 1209
1327 1328
764 765
1562 1573
1848 1849
665 674
670 672
1539 1541
1632 1634
426 544
2125 2222
815 1642
1814 1827
1346 1348
769 781
1413 1412
490 811
289 1284
1266 1268
345 1963
189 2615
1166 1165
93 97
200 2617
1820 1821
469 468
828 829
2272 2274
1701 1751
1191 1193
467 1603
1805 1830
1799 1798
2087 2094
824 1467
1568 1597
1472 1473
164 2642
2413 2414
2229 2230
1100 1099
2356 2378
1718 1744
860 861
2100 2105
1107 1106
1735 1741
1545 1611
2225 2237
311 293
1097 1098
150 149
1578 1580
669 705
1623 1534
1085 1084
2057 2058
970 969
832 831
589 412
2049 2050
194 195
302 323
317 700
2554 2006
102 103
1197 1206
1044 1266
1782 1794
600 599
2322 2328
748 747
476 1580
535 534
2346 2348
2376 2374
1272 1292
1915 1921
95 2647
2339 243
1905 1924
556 558
1790 1838
1458 1459
853 854
898 1460
889 893
126 129
1007 1082
1669 1688
1493 1494
933 1137
403 404
1688 1727
551 577
855 854
1488 1487
1898 1899
1862 2039
399 402
278 279
149 148
1369 1368
147 146
897 898
2524 2525
1637 1638
358 357
1910 1909
1103 1223
410 591
2176 2184
934 1136
632 634
1131 1132
354 364
606 609
727 729
1278 1280
2007 2027
247 248
1664 1662
745 776
617 774
176 1397
2105 2259
1154 1156
514 516
2363 2364
1163 1205
281 1313
358 360
1150 1152
1406 1407
985 996
452 530
378 377
2441 2444
1818 1820
878 879
823 822
880 881
91 161
2094 2095
2262 2269
936 1133
1044 1045
1300 1311
713 712
1540 1646
394 393
814 1604
1761 1762
1648 1649
2505 2506
2365 2364
430 547
2392 2397
2126 2220
50 2658
1949 1984
1048 1052
2315 2316
2088 2092
2094 2093
940 1419
2206 2305
618 640
1695 2298
2607 2611
1420 1426
810 872
228 2591
1155 1160
2033 2032
1439 1438
833 834
506 602
529 531
2439 2492
1903 1904
557 556
1426 1427
1798 2581
2050 2060
2562 2563
2338 2337
466 578
1967 1968
603 737
1106 1110
1155 1217
1003 1012
2091 2111
234 235
1462 1461
2452 2451
612 745
222 2591
1894 1892
1613 1618
1713 1717
1059 1073
2175 2176
397 1846
2593 2637
175 1306
936 1415
263 265
523 571
336 337
2526 2527
598 597
2550 2060
1126 1127
2331 2513
393 635
497 733
2132 2137
837 838
409 1789
1991 2166
749 748
558 568
27 31
2058 2540
381 387
1128 1129
257 258
2341 2342
342 289
1147 1149
2153 2176
1108 1221
935 1135
1508 1511
902 1213
1930 378
1140 1138
2479 2477
123 125
1898 2561
1020 1077
1804 1809
1203 1205
2475 2474
1889 2005
721 799
49 94
1016 1027
906 907
19 73
2163 2162
667 674
1035 1034
133 136
395 1849
1167 1169
1850 1867
659 668
671 672
131 2394
2330 2366
1533 1634
1989 2532
1865 1870
1009 1077
2226 2227
1841 1843
2312 2313
480 488
640 639
430 448
992 1006
1573 1592
1107 1118
1243 1250
1211 1210
174 175
1393 241
4 5
1845 2053
276 1350
2071 2070
753 755
1421 1424
52 2505
523 525
2276 2277
844 1218
1022 1025
1443 1444
2359 2370
560 559
371 2572
2484 2485
1835 2057
719 802
2287 2288
1361 1359
1938 1940
2612 2622
2423 2433
1942 2573
312 925
1751 1750
1357 1358
2227 2237
1463 1462
384 2587
2171 2172
2229 2236
1612 1620
302 324
1602 1597
860 862
432 429
1261 1264
686 687
476 1579
276 2531
414 1765
252 253
2193 2202
1111 1114
1085 1259
340 343
2564 2565
1172 1174
935 1430
29 28
832 833
516 537
194 2619
1782 2582
2340 243
748 750
567 566
2138 2212
1661 1666
1915 1925
871 1461
114 119
267 2189
2634 2635
1790 1839
851 852
1458 898
2168 2531
1687 1727
1926 1904
660 659
594 616
963 964
1679 1680
403 396
2472 2477
855 856
1068 1035
908 917
1070 1080
1570 1593
331 2588
658 704
1369 1382
2187 2530
1159 1171
143 2594
947 1225
1676 1684
1910 2576
394 638
576 575
2090 2116
410 1785
1607 1637
1583 1590
2174 2185
26 33
1423 1424
632 635
487 491
843 1148
1391 1392
993 995
1706 1772
572 573
41 40
1539 1600
94 93
333 352
1153 1157
984 996
48 85
451 530
1994 2556
2599 2600
1934 1937
2352 2358
2363 2362
2029 2075
1406 1445
830 829
1700 1699
937 1133
818 1638
1899 2562
374 375
2004 2003
880 883
674 673
1381 258
1697 1823
1077 1078
1868 1866
540 543
1323 1394
1469 1470
1496 1497
1739 1740
1377 1379
477 1551
134 2388
274 2178
1852 2579
1091 1096
2220 2228
54 2656
1351 1352
2236 2235
310 293
230 2590
1119 1120
1149 1215
2315 2317
433 428
2608 2609
929 1194
449 450
1544 1555
50 2506
2607 2612
253 254
1438 1440
288 287
1155 1159
2378 2377
2033 2071
623 640
589 597
1992 2164
881 719
105 107
1988 1992
1045 1046
2419 2418
235 2375
1400 1401
1947 2570
1734 1743
263 262
1536 1616
704 703
187 2606
707 708
715 793
694 693
1554 1555
1462 1488
2218 2520
1151 1216
1069 1070
1318 1320
937 1415
2602 2646
1105 1113
411 410
1187 1166
2051 2059
1024 1033
1796 1813
485 486
336 348
1414 1421
732 740
2303 2324
2155 2174
1168 1179
1010 1011
37 36
1433 1434
237 2376
2282 2284
100 2502
981 982
1023 1081
146 2644
2063 2548
791 792
2064 2543
27 32
257 2332
1785 1790
1891 1908
131 132
1293 1304
1930 1931
1015 166
2471 2478
1012 1017
1373 260
63 65
1020 1078
1162 1205
954 962
1804 1833
1684 1685
474 1587
588 598
76 1271
926 1441
423 541
1533 1532
1233 1243
1730 1737
1945 2559
912 902
1839 1840
2575 2574
62 1039
1645 1646
1337 246
723 727
2204 2205
1573 1591
2041 2042
388 390
2272 2254
624 640
996 997
754 755
770 771
1805 1832
860 1513
357 362
1288 1273
525 533
1700 1738
1508 867
104 105
753 782
52 2506
1827 1826
536 517
2374 2379
1723 1730
696 694
2642 2641
800 720
2083 2088
1464 1471
650 653
1040 1042
2455 2446
2484 2487
646 788
1313 1316
1867 1868
215 216
828 1469
1737 1736
2388 2509
680 681
386 2587
1853 1859
1329 1333
2239 2240
377 1654
2227 2229
1615 1613
2573 2572
1846 1855
174 1304
2229 2234
2426 2429
2358 2371
432 433
221 2591
2549 2548
2207 2518
500 501
1996 1997
252 257
223 225
2536 2132
1995 1994
836 830
2057 2541
1120 1139
29 30
2335 2334
107 112
245 2339
2371 2372
167 2604
205 204
102 108
434 444
2278 2301
1662 1665
748 751
179 172
1702 1751
1272 1293
1456 1457
1915 1924
2467 2469
652 657
1369 1370
2634 2633
44 83
1687 1686
1752 1754
1368 1367
1473 1479
232 236
692 1656
904 1457
1889 1890
159 145
2105 2104
2118 2119
2401 2445
705 709
528 550
2186 2530
1575 1574
2128 2127
1033 1081
832 1503
1418 1419
521 576
482 484
793 794
176 1307
478 480
725 724
1676 1683
1998 2002
1783 1784
609 612
186 170
81 1031
594 595
45 46
1423 1428
1176 1178
1131 1133
1697 1696
1391 242
1678 1682
1485 1501
1156 1158
572 574
41 43
2002 2003
1300 1309
818 817
1924 1926
2452 2457
1701 1821
1298 1300
1609 1644
1675 1684
203 218
72 74
2658 2657
213 214
1116 1221
818 1530
2090 2117
1013 1016
459 458
754 797
2443 2489
1722 1732
2072 2083
1595 1594
1548 1549
1090 1231
2355 2378
1346 1350
376 2573
2062 2098
430 431
224 1324
1114 939
1267 1268
678 689
2558 2560
1322 1326
1648 1650
724 806
170 999
913 1201
1580 1587
698 1652
2338 245
195 1398
1139 1140
100 101
253 255
2044 2043
2135 2136
2268 2286
463 462
1779 1780
2378 2374
2181 2182
338 343
113 114
2279 2278
2421 2431
441 442
2333 2345
557 558
286 285
1800 1838
500 561
881 882
2097 2098
1471 1472
1240 1241
263 264
886 888
1611 1610
2044 2544
1560 1559
704 707
694 1656
1622 1624
1362 1368
710 711
1625 1627
1069 1080
1997 1998
1226 1230
381 382
2058 2059
934 1430
502 563
1177 1142
1782 1783
2153 2155
2104 2260
725 805
687 691
485 492
2027 2025
732 804
2303 2329
976 986
717 792
998 171
168 2605
37 38
1886 2575
1040 1089
1302 1305
1130 1131
2132 2131
2360 2361
273 272
246 1338
131 130
935 1134
864 1509
1671 1673
2051 2553
1023 1024
877 879
139 141
1906 1910
79 78
722 798
2479 2486
2167 2171
402 403
2475 2459
415 512
271 2176
906 909
758 759
667 673
456 455
619 774
400 1787
55 54
1850 1866
1243 1244
141 2593
1591 1590
1855 1854
429 548
762 763
2199 2207
38 39
1712 1711
772 771
1337 1335
240 2355
1002 1000
2204 2307
339 346
839 847
2612 2613
2266 2267
2036 2068
1288 1289
2438 2492
41 2656
1425 1427
794 712
1450 1451
865 886
280 1348
1735 1734
1498 1519
686 685
1189 1202
422 1762
2403 2405
1109 1110
646 789
1867 392
427 544
1198 1206
1521 1506
1358 1365
1543 1566
2233 2234
1853 1861
1093 1095
2239 2241
1541 1543
1615 1618
432 434
2555 2005
2146 2145
2326 2304
803 732
1553 1578
1183 931
325 2589
252 256
502 733
1410 1409
1962 1964
836 838
530 545
335 336
1978 284
322 356
1196 1202
107 115
2265 2287
517 516
2210 2209
95 2502
2292 2295
25 27
551 582
1011 1019
122 127
656 655
179 180
1063 1062
1807 1809
1725 1728
259 2513
2634 2636
946 954
1902 1901
1905 1926
1051 1037
453 2585
1687 1726
1686 1685
1752 1749
959 1407
1491 1517
1619 1621
1074 1075
1079 1081
620 771
520 576
1561 1576
261 2320
2174 2173
216 235
1971 1976
1008 1077
908 916
1559 1561
2191 2202
2060 2540
79 83
1369 1383
81 87
2116 2117
